# A B A' B' AB AA' BB' A'B'
0 19406 0 17354 0 0 0 378
0 17722 0 15641 0 0 0 366
0 17441 0 15443 0 0 0 348
0 17649 0 15624 0 0 0 344
0 17955 0 15319 0 0 0 378
0 17241 0 15222 0 0 0 365
0 17064 0 15147 0 0 0 323
0 17035 0 15266 0 0 0 340
0 17109 0 15162 0 0 0 340
0 17170 0 15057 0 0 0 351
0 18956 0 16716 0 0 0 372
0 18973 0 16687 0 0 0 333
0 18872 0 16648 0 0 0 347
0 18964 0 16960 0 0 0 332
0 18958 0 16708 0 0 0 349
0 18977 0 17058 0 0 0 404
0 19035 0 16743 0 0 0 366
0 18808 0 17200 0 0 0 421
0 16851 0 15272 0 0 0 349
0 17087 0 15217 0 0 0 356
0 17269 0 15196 0 0 0 379
0 17116 0 15027 0 0 0 328
0 17087 0 15083 0 0 0 338
0 17208 0 15371 0 0 0 355
0 17290 0 15302 0 0 0 338
0 16873 0 15239 0 0 0 322
0 17137 0 15200 0 0 0 316
0 17465 0 15235 0 0 0 361
0 17112 0 15042 0 0 0 345
0 17132 0 15068 0 0 0 356
0 17015 0 15255 0 0 0 337
0 16865 0 15341 0 0 0 379
0 17006 0 15109 0 0 0 351
0 17007 0 15243 0 0 0 323
0 17244 0 15468 0 0 0 396
0 16985 0 15273 0 0 0 381
0 16942 0 15128 0 0 0 360
0 16875 0 15104 0 0 0 357
0 17185 0 15166 0 0 0 358
0 16355 0 15161 0 0 0 358
0 16705 0 15140 0 0 0 366
0 16767 0 15341 0 0 0 358
0 16884 0 15105 0 0 0 331
0 16876 0 15220 0 0 0 365
0 17116 0 15264 0 0 0 364
0 16659 0 15053 0 0 0 371
0 17228 0 15001 0 0 0 383
0 17174 0 14922 0 0 0 336
0 16782 0 15134 0 0 0 378
0 17109 0 14937 0 0 0 361
0 17005 0 15148 0 0 0 347
0 17166 0 15037 0 0 0 369
0 17074 0 15088 0 0 0 384
0 16954 0 14926 0 0 0 357
0 17011 0 15163 0 0 0 364
0 17053 0 15088 0 0 0 342
0 17092 0 15300 0 0 0 393
0 16667 0 15186 0 0 0 328
0 16725 0 15097 0 0 0 358
0 16937 0 15149 0 0 0 355
