# A B A' B' AB AA' BB' A'B'
0 17751 0 14412 0 0 0 264
0 15690 0 13177 0 0 0 259
0 15514 0 12897 0 0 0 272
0 15852 0 12906 0 0 0 248
0 15531 0 12771 0 0 0 232
0 15816 0 12515 0 0 0 242
0 15720 0 12819 0 0 0 246
0 15630 0 12644 0 0 0 250
0 15596 0 12660 0 0 0 249
0 15562 0 12896 0 0 0 232
0 15262 0 12872 0 0 0 238
0 15525 0 12647 0 0 0 254
0 15315 0 12560 0 0 0 222
0 15278 0 12907 0 0 0 271
0 15719 0 12697 0 0 0 242
0 15419 0 12957 0 0 0 259
0 15452 0 12787 0 0 0 225
0 15738 0 12909 0 0 0 270
0 15561 0 12810 0 0 0 232
0 15467 0 12804 0 0 0 255
0 17296 0 12840 0 0 0 231
0 17394 0 12817 0 0 0 247
0 17012 0 12814 0 0 0 226
0 17235 0 14092 0 0 0 223
0 17371 0 14119 0 0 0 255
0 17248 0 14246 0 0 0 225
0 17281 0 14138 0 0 0 235
0 17383 0 14162 0 0 0 253
0 17402 0 14184 0 0 0 245
0 17385 0 14183 0 0 0 208
0 17330 0 14352 0 0 0 261
0 17397 0 14170 0 0 0 245
0 15657 0 12869 0 0 0 260
0 15450 0 12751 0 0 0 231
0 15444 0 12707 0 0 0 233
0 15790 0 12894 0 0 0 225
0 15434 0 13019 0 0 0 264
0 15382 0 12677 0 0 0 252
0 15539 0 12865 0 0 0 251
0 15682 0 12714 0 0 0 263
0 15613 0 12687 0 0 0 246
0 15412 0 12947 0 0 0 239
0 15423 0 12879 0 0 0 237
0 15574 0 12904 0 0 0 227
0 15586 0 12690 0 0 0 246
0 15445 0 12827 0 0 0 236
0 15791 0 12943 0 0 0 249
0 15507 0 12947 0 0 0 243
0 15461 0 12786 0 0 0 236
0 15646 0 12848 0 0 0 264
0 15870 0 13084 0 0 0 257
0 15569 0 13022 0 0 0 276
0 15797 0 12824 0 0 0 260
0 15827 0 13002 0 0 0 258
0 16014 0 13001 0 0 0 248
0 15914 0 13026 0 0 0 273
0 15722 0 13050 0 0 0 268
0 15947 0 12872 0 0 0 250
0 15942 0 13123 0 0 0 271
0 15691 0 13115 0 0 0 281
