# A B A' B' AB AA' BB' A'B'
0 18606 0 17328 0 0 0 379
0 16705 0 15484 0 0 0 329
0 16765 0 15501 0 0 0 357
0 16682 0 15477 0 0 0 327
0 16743 0 15230 0 0 0 359
0 16687 0 15556 0 0 0 348
0 17169 0 15443 0 0 0 354
0 16898 0 15531 0 0 0 354
0 16887 0 15253 0 0 0 342
0 16803 0 15355 0 0 0 323
0 16793 0 15524 0 0 0 354
0 16850 0 15419 0 0 0 389
0 16956 0 15405 0 0 0 310
0 16935 0 15591 0 0 0 366
0 16860 0 15401 0 0 0 308
0 16618 0 15288 0 0 0 344
0 16779 0 15414 0 0 0 346
0 17069 0 15466 0 0 0 385
0 16702 0 15530 0 0 0 384
0 18337 0 15300 0 0 0 321
0 18538 0 15348 0 0 0 350
0 18699 0 15250 0 0 0 353
0 18556 0 15405 0 0 0 344
0 18517 0 15510 0 0 0 331
0 18568 0 16899 0 0 0 363
0 18534 0 16946 0 0 0 356
0 18411 0 17192 0 0 0 355
0 18477 0 17046 0 0 0 374
0 18111 0 17117 0 0 0 350
0 18496 0 16931 0 0 0 326
0 18331 0 17338 0 0 0 368
0 18587 0 17222 0 0 0 396
0 18542 0 16971 0 0 0 383
0 16605 0 15415 0 0 0 347
0 16730 0 15479 0 0 0 347
0 16715 0 15361 0 0 0 349
0 16843 0 15368 0 0 0 353
0 16826 0 15580 0 0 0 351
0 16721 0 15390 0 0 0 343
0 16778 0 15354 0 0 0 348
0 16575 0 15574 0 0 0 345
0 16864 0 15434 0 0 0 377
0 16769 0 15435 0 0 0 373
0 16695 0 15558 0 0 0 394
0 16553 0 15233 0 0 0 343
0 16484 0 15465 0 0 0 351
0 16703 0 15478 0 0 0 389
0 16854 0 15436 0 0 0 363
0 16381 0 15273 0 0 0 334
0 16851 0 15285 0 0 0 334
0 16532 0 15082 0 0 0 367
0 16567 0 15325 0 0 0 365
0 16363 0 15443 0 0 0 348
0 16247 0 14955 0 0 0 321
0 16355 0 15399 0 0 0 340
0 16182 0 15170 0 0 0 342
0 16329 0 14974 0 0 0 346
0 16306 0 15120 0 0 0 346
0 16220 0 15256 0 0 0 361
0 16666 0 15066 0 0 0 374
