# A B A' B' AB AA' BB' A'B'
0 17107 0 14771 0 0 0 357
0 15610 0 12957 0 0 0 292
0 15381 0 13138 0 0 0 282
0 15287 0 13119 0 0 0 274
0 15486 0 12963 0 0 0 301
0 15308 0 13279 0 0 0 347
0 15374 0 13006 0 0 0 310
0 15602 0 13223 0 0 0 331
0 15559 0 13006 0 0 0 298
0 15556 0 12957 0 0 0 322
0 15410 0 13076 0 0 0 305
0 15427 0 13020 0 0 0 326
0 15460 0 13092 0 0 0 302
0 15554 0 13002 0 0 0 301
0 15443 0 13084 0 0 0 298
0 15555 0 13169 0 0 0 304
0 15351 0 13159 0 0 0 324
0 15446 0 13224 0 0 0 303
0 15196 0 12935 0 0 0 299
0 15703 0 12996 0 0 0 334
0 15505 0 13045 0 0 0 291
0 15407 0 13131 0 0 0 283
0 15410 0 13109 0 0 0 313
0 15419 0 12853 0 0 0 319
0 15606 0 13075 0 0 0 294
0 15229 0 13409 0 0 0 313
0 15494 0 12996 0 0 0 295
0 15479 0 13539 0 0 0 306
0 17122 0 13088 0 0 0 270
0 17102 0 13145 0 0 0 297
0 17342 0 13110 0 0 0 283
0 17134 0 14787 0 0 0 302
0 17468 0 14359 0 0 0 277
0 17094 0 14610 0 0 0 294
0 17220 0 14548 0 0 0 301
0 17338 0 14758 0 0 0 307
0 17160 0 14493 0 0 0 315
0 17108 0 14559 0 0 0 340
0 17078 0 14563 0 0 0 307
0 15306 0 13014 0 0 0 296
0 15526 0 13088 0 0 0 289
0 15101 0 12957 0 0 0 323
0 15616 0 13095 0 0 0 281
0 15428 0 13292 0 0 0 281
0 15486 0 13258 0 0 0 300
0 15493 0 13092 0 0 0 300
0 15240 0 13438 0 0 0 314
0 15434 0 13034 0 0 0 290
0 15260 0 12933 0 0 0 319
0 15284 0 13236 0 0 0 303
0 15597 0 13306 0 0 0 331
0 15357 0 12986 0 0 0 304
0 15493 0 13046 0 0 0 291
0 15242 0 13137 0 0 0 279
0 15233 0 13340 0 0 0 295
0 15513 0 12933 0 0 0 333
0 15986 0 13063 0 0 0 294
0 15471 0 13351 0 0 0 323
0 15554 0 12838 0 0 0 306
0 15411 0 13198 0 0 0 290
