# A B A' B' AB AA' BB' A'B'
0 22829 0 15743 0 0 0 81
0 20287 0 13984 0 0 0 65
0 19030 0 13442 0 0 0 69
0 18480 0 13246 0 0 0 70
0 18255 0 13224 0 0 0 72
0 18330 0 12833 0 0 0 76
0 18543 0 12905 0 0 0 82
0 18378 0 12887 0 0 0 82
0 18486 0 13157 0 0 0 79
0 18330 0 13002 0 0 0 78
0 18641 0 13229 0 0 0 85
0 18751 0 12983 0 0 0 91
0 18453 0 13151 0 0 0 76
0 18478 0 13162 0 0 0 86
0 18445 0 13225 0 0 0 93
0 20456 0 13042 0 0 0 70
0 20291 0 13102 0 0 0 86
0 20394 0 13224 0 0 0 67
0 20763 0 12894 0 0 0 79
0 20450 0 14500 0 0 0 92
0 20582 0 14493 0 0 0 72
0 20453 0 14494 0 0 0 77
0 20693 0 14508 0 0 0 66
0 20369 0 14545 0 0 0 75
0 20664 0 14674 0 0 0 67
0 20471 0 14636 0 0 0 88
0 20469 0 14474 0 0 0 98
0 20813 0 14544 0 0 0 71
0 18591 0 12973 0 0 0 89
0 18215 0 13118 0 0 0 73
0 18496 0 13079 0 0 0 67
0 18366 0 13336 0 0 0 70
0 18395 0 13206 0 0 0 76
0 18438 0 13000 0 0 0 86
0 18388 0 13098 0 0 0 65
0 18472 0 13250 0 0 0 69
0 18633 0 13101 0 0 0 85
0 18454 0 13131 0 0 0 70
0 18524 0 13058 0 0 0 75
0 18217 0 12918 0 0 0 71
0 18426 0 13400 0 0 0 80
0 18158 0 13120 0 0 0 73
0 18323 0 13301 0 0 0 80
0 18295 0 13190 0 0 0 85
0 18465 0 12968 0 0 0 75
0 18590 0 13126 0 0 0 74
0 18534 0 13248 0 0 0 66
0 18619 0 13037 0 0 0 75
0 18519 0 13029 0 0 0 73
0 18504 0 13027 0 0 0 59
0 18495 0 13034 0 0 0 75
0 18323 0 13151 0 0 0 65
0 18575 0 13233 0 0 0 73
0 18506 0 12908 0 0 0 81
0 18476 0 13175 0 0 0 66
0 18078 0 13176 0 0 0 75
0 18447 0 13170 0 0 0 84
0 18383 0 13046 0 0 0 86
0 18391 0 12972 0 0 0 76
0 18302 0 13267 0 0 0 71
