# A B A' B' AB AA' BB' A'B'
0 20055 0 16222 0 0 0 119
0 18184 0 14603 0 0 0 96
0 18584 0 14674 0 0 0 106
0 18521 0 14613 0 0 0 94
0 18574 0 14421 0 0 0 104
0 20330 0 14404 0 0 0 96
0 20323 0 14351 0 0 0 100
0 20089 0 14453 0 0 0 93
0 20267 0 16029 0 0 0 97
0 20054 0 15840 0 0 0 96
0 20015 0 16000 0 0 0 109
0 18061 0 14339 0 0 0 90
0 17929 0 14485 0 0 0 100
0 18038 0 14241 0 0 0 92
0 17802 0 14374 0 0 0 94
0 18100 0 14197 0 0 0 86
0 18253 0 14309 0 0 0 91
0 18207 0 14530 0 0 0 102
0 18059 0 14413 0 0 0 94
0 18244 0 14399 0 0 0 109
0 18184 0 14238 0 0 0 108
0 18095 0 14376 0 0 0 96
0 18079 0 14469 0 0 0 96
0 18094 0 14866 0 0 0 101
0 17883 0 14296 0 0 0 95
0 17785 0 14036 0 0 0 109
0 18168 0 14388 0 0 0 106
0 17885 0 14429 0 0 0 95
0 18277 0 14412 0 0 0 81
0 18642 0 14444 0 0 0 108
0 18581 0 14411 0 0 0 103
0 18508 0 14568 0 0 0 104
0 18414 0 14160 0 0 0 96
0 18630 0 14262 0 0 0 110
0 18798 0 14534 0 0 0 88
0 18501 0 14425 0 0 0 99
0 18676 0 14533 0 0 0 104
0 18505 0 14353 0 0 0 106
0 18636 0 14533 0 0 0 128
0 18616 0 14511 0 0 0 113
0 18642 0 14433 0 0 0 84
0 18596 0 14382 0 0 0 103
0 18607 0 14500 0 0 0 106
0 18562 0 14294 0 0 0 114
0 18297 0 14416 0 0 0 116
0 18423 0 14315 0 0 0 95
0 18704 0 14413 0 0 0 99
0 18633 0 14650 0 0 0 91
0 18497 0 14282 0 0 0 92
0 18722 0 14358 0 0 0 97
0 18653 0 14274 0 0 0 97
0 18494 0 14568 0 0 0 100
0 18683 0 14393 0 0 0 112
0 18467 0 14535 0 0 0 82
0 18716 0 14600 0 0 0 105
0 18745 0 14244 0 0 0 97
0 18903 0 14652 0 0 0 115
0 18490 0 14197 0 0 0 90
0 20784 0 14404 0 0 0 93
0 20749 0 14502 0 0 0 109
