# A B A' B' AB AA' BB' A'B'
0 21431 0 16288 0 0 0 133
0 18637 0 14428 0 0 0 117
0 18984 0 14675 0 0 0 127
0 18858 0 14255 0 0 0 143
0 18751 0 14505 0 0 0 136
0 18778 0 14420 0 0 0 145
0 18592 0 14504 0 0 0 134
0 18682 0 14183 0 0 0 132
0 18676 0 14490 0 0 0 121
0 18665 0 14433 0 0 0 130
0 18896 0 14379 0 0 0 134
0 18759 0 14431 0 0 0 138
0 18477 0 14710 0 0 0 132
0 18974 0 14136 0 0 0 127
0 18876 0 14221 0 0 0 125
0 18809 0 14260 0 0 0 127
0 18890 0 14438 0 0 0 123
0 18977 0 14597 0 0 0 126
0 18515 0 14358 0 0 0 139
0 19062 0 14498 0 0 0 118
0 18798 0 14413 0 0 0 123
0 18634 0 14281 0 0 0 105
0 18806 0 14416 0 0 0 120
0 18754 0 14498 0 0 0 96
0 18713 0 14390 0 0 0 119
0 18975 0 14385 0 0 0 128
0 18912 0 14449 0 0 0 130
0 18921 0 14223 0 0 0 135
0 18984 0 14111 0 0 0 120
0 18890 0 14445 0 0 0 142
0 18726 0 14275 0 0 0 129
0 18955 0 14479 0 0 0 127
0 20836 0 14252 0 0 0 98
0 21256 0 14321 0 0 0 118
0 21202 0 14519 0 0 0 116
0 21057 0 14373 0 0 0 117
0 21266 0 15961 0 0 0 129
0 20961 0 16149 0 0 0 132
0 20927 0 15834 0 0 0 127
0 21131 0 16101 0 0 0 118
0 21044 0 16016 0 0 0 112
0 21260 0 16060 0 0 0 144
0 21294 0 15887 0 0 0 136
0 21158 0 15948 0 0 0 120
0 21111 0 15940 0 0 0 136
0 21332 0 16064 0 0 0 125
0 19042 0 14542 0 0 0 106
0 19094 0 14316 0 0 0 121
0 18820 0 14638 0 0 0 148
0 18985 0 14259 0 0 0 113
0 19029 0 14446 0 0 0 123
0 19290 0 14194 0 0 0 114
0 19111 0 14326 0 0 0 114
0 19268 0 14348 0 0 0 118
0 19368 0 14192 0 0 0 110
0 19262 0 14329 0 0 0 134
0 19174 0 14522 0 0 0 134
0 19101 0 14371 0 0 0 141
0 19194 0 14623 0 0 0 110
0 19031 0 14253 0 0 0 116
