# A B A' B' AB AA' BB' A'B'
0 21602 0 14812 0 0 0 36
0 19060 0 13455 0 0 0 47
0 20931 0 13191 0 0 0 51
0 21383 0 12994 0 0 0 54
0 21450 0 13277 0 0 0 49
0 21523 0 14746 0 0 0 41
0 21452 0 14546 0 0 0 46
0 21516 0 14653 0 0 0 49
0 20965 0 14649 0 0 0 40
0 21428 0 14576 0 0 0 48
0 21490 0 14601 0 0 0 56
0 19244 0 13083 0 0 0 52
0 19157 0 13057 0 0 0 42
0 19245 0 13153 0 0 0 37
0 19279 0 13342 0 0 0 48
0 19337 0 13185 0 0 0 46
0 18958 0 13179 0 0 0 50
0 19143 0 13321 0 0 0 38
0 19187 0 13154 0 0 0 46
0 19028 0 12869 0 0 0 58
0 19150 0 13145 0 0 0 48
0 19219 0 13151 0 0 0 51
0 18873 0 13242 0 0 0 47
0 19278 0 13281 0 0 0 48
0 19086 0 13052 0 0 0 46
0 18993 0 13060 0 0 0 47
0 19210 0 13395 0 0 0 38
0 19210 0 13158 0 0 0 51
0 19347 0 13245 0 0 0 49
0 19085 0 13030 0 0 0 49
0 19059 0 13316 0 0 0 41
0 19108 0 13096 0 0 0 46
0 18985 0 13132 0 0 0 46
0 18922 0 13083 0 0 0 43
0 18941 0 13169 0 0 0 47
0 18941 0 13117 0 0 0 50
0 18890 0 13171 0 0 0 45
0 19139 0 13233 0 0 0 57
0 19224 0 13213 0 0 0 42
0 19163 0 13098 0 0 0 45
0 19298 0 13245 0 0 0 35
0 18928 0 13150 0 0 0 47
0 19093 0 13339 0 0 0 49
0 19172 0 13150 0 0 0 48
0 19156 0 12841 0 0 0 41
0 19007 0 13270 0 0 0 46
0 19079 0 13187 0 0 0 56
0 19334 0 13045 0 0 0 41
0 19047 0 13146 0 0 0 48
0 19082 0 13175 0 0 0 45
0 19054 0 13226 0 0 0 43
0 18985 0 12990 0 0 0 46
0 19006 0 13136 0 0 0 43
0 19408 0 13218 0 0 0 42
0 18947 0 13115 0 0 0 51
0 19190 0 13228 0 0 0 49
0 19091 0 13284 0 0 0 31
0 19271 0 13157 0 0 0 59
0 21208 0 13201 0 0 0 47
0 21272 0 13183 0 0 0 51
