# A B A' B' AB AA' BB' A'B'
0 21974 0 16412 0 0 0 164
0 19860 0 14653 0 0 0 172
0 19799 0 14638 0 0 0 139
0 19975 0 14846 0 0 0 166
0 19906 0 14788 0 0 0 161
0 19642 0 14978 0 0 0 160
0 19810 0 14894 0 0 0 152
0 19985 0 14788 0 0 0 151
0 19776 0 14914 0 0 0 166
0 19684 0 14809 0 0 0 182
0 19618 0 14651 0 0 0 155
0 19498 0 14486 0 0 0 168
0 19261 0 14636 0 0 0 166
0 19235 0 14413 0 0 0 150
0 19317 0 14457 0 0 0 169
0 19082 0 14436 0 0 0 161
0 18766 0 14537 0 0 0 156
0 19246 0 14395 0 0 0 156
0 19378 0 14534 0 0 0 151
0 19237 0 14454 0 0 0 142
0 19225 0 14497 0 0 0 152
0 19322 0 14204 0 0 0 163
0 19191 0 14521 0 0 0 161
0 19058 0 14576 0 0 0 160
0 19147 0 14665 0 0 0 168
0 19129 0 14493 0 0 0 195
0 18971 0 14698 0 0 0 139
0 19064 0 14299 0 0 0 150
0 19016 0 14315 0 0 0 148
0 21317 0 14431 0 0 0 142
0 21168 0 14601 0 0 0 161
0 20884 0 14256 0 0 0 138
0 21702 0 16109 0 0 0 162
0 21233 0 16081 0 0 0 154
0 21289 0 16176 0 0 0 152
0 21200 0 16036 0 0 0 164
0 21199 0 16252 0 0 0 164
0 21067 0 16277 0 0 0 161
0 21362 0 16155 0 0 0 155
0 21216 0 15914 0 0 0 178
0 21325 0 16105 0 0 0 154
0 21200 0 16041 0 0 0 163
0 19207 0 14169 0 0 0 154
0 19325 0 14425 0 0 0 143
0 19227 0 14490 0 0 0 170
0 19023 0 14480 0 0 0 154
0 19111 0 14601 0 0 0 174
0 19043 0 14271 0 0 0 172
0 19262 0 14335 0 0 0 171
0 19220 0 14350 0 0 0 157
0 19021 0 14621 0 0 0 168
0 18969 0 14361 0 0 0 189
0 18776 0 14390 0 0 0 150
0 19194 0 14471 0 0 0 158
0 19175 0 14593 0 0 0 165
0 19197 0 14348 0 0 0 152
0 19250 0 14346 0 0 0 164
0 19197 0 14399 0 0 0 189
0 19027 0 14500 0 0 0 136
0 19212 0 14436 0 0 0 174
