# A B A' B' AB AA' BB' A'B'
0 23025 0 15876 0 0 0 45
0 19917 0 13328 0 0 0 25
0 19069 0 12978 0 0 0 34
0 19088 0 13280 0 0 0 43
0 18739 0 12943 0 0 0 37
0 18873 0 13084 0 0 0 36
0 19310 0 13250 0 0 0 43
0 19411 0 13053 0 0 0 38
0 19462 0 13309 0 0 0 36
0 19808 0 13191 0 0 0 37
0 19431 0 13125 0 0 0 38
0 19566 0 13321 0 0 0 37
0 19878 0 13174 0 0 0 42
0 19666 0 13082 0 0 0 43
0 19675 0 13282 0 0 0 41
0 19943 0 13231 0 0 0 43
0 19500 0 13106 0 0 0 36
0 19593 0 13124 0 0 0 35
0 19752 0 12974 0 0 0 32
0 19916 0 13232 0 0 0 53
0 19689 0 13383 0 0 0 34
0 19569 0 13477 0 0 0 35
0 19636 0 13371 0 0 0 41
0 19398 0 13167 0 0 0 30
0 19756 0 13273 0 0 0 28
0 19613 0 13194 0 0 0 31
0 19827 0 12988 0 0 0 49
0 19568 0 13202 0 0 0 33
0 19416 0 13086 0 0 0 38
0 19438 0 13337 0 0 0 36
0 19707 0 13104 0 0 0 39
0 19466 0 13329 0 0 0 27
0 19699 0 13048 0 0 0 41
0 19796 0 12995 0 0 0 32
0 19727 0 13060 0 0 0 36
0 19565 0 12943 0 0 0 46
0 19391 0 13198 0 0 0 38
0 19861 0 13249 0 0 0 34
0 19620 0 13155 0 0 0 43
0 22075 0 13235 0 0 0 40
0 22100 0 13233 0 0 0 53
0 21637 0 13278 0 0 0 31
0 21900 0 13155 0 0 0 25
0 21836 0 14692 0 0 0 39
0 21806 0 14834 0 0 0 46
0 21839 0 14957 0 0 0 43
0 21983 0 14696 0 0 0 48
0 21559 0 14826 0 0 0 37
0 21936 0 14790 0 0 0 37
0 21954 0 14699 0 0 0 28
0 21846 0 14988 0 0 0 42
0 21734 0 14826 0 0 0 45
0 21838 0 14680 0 0 0 39
0 19750 0 13251 0 0 0 33
0 19763 0 13263 0 0 0 33
0 19514 0 13336 0 0 0 39
0 19627 0 13217 0 0 0 44
0 19643 0 13145 0 0 0 36
0 19569 0 13104 0 0 0 34
0 20009 0 13474 0 0 0 34
