# A B A' B' AB AA' BB' A'B'
0 21622 0 16304 0 0 0 253
0 21208 0 16055 0 0 0 194
0 20959 0 16026 0 0 0 216
0 20772 0 15979 0 0 0 186
0 21067 0 15853 0 0 0 211
0 20842 0 15747 0 0 0 228
0 20824 0 16070 0 0 0 193
0 20840 0 15925 0 0 0 218
0 20945 0 15983 0 0 0 221
0 18798 0 14522 0 0 0 219
0 18729 0 14326 0 0 0 216
0 19098 0 14182 0 0 0 185
0 18813 0 14266 0 0 0 203
0 19053 0 14384 0 0 0 185
0 19029 0 14480 0 0 0 198
0 18932 0 14165 0 0 0 208
0 18743 0 14370 0 0 0 186
0 18856 0 14417 0 0 0 201
0 19230 0 14187 0 0 0 189
0 18801 0 14475 0 0 0 189
0 19206 0 14642 0 0 0 207
0 19217 0 14222 0 0 0 213
0 18725 0 14356 0 0 0 208
0 18890 0 14117 0 0 0 171
0 18943 0 14418 0 0 0 180
0 18684 0 14173 0 0 0 231
0 19025 0 14103 0 0 0 217
0 18685 0 14270 0 0 0 189
0 18912 0 14573 0 0 0 228
0 18664 0 14336 0 0 0 201
0 18915 0 14370 0 0 0 190
0 18696 0 14377 0 0 0 204
0 18794 0 14452 0 0 0 167
0 18667 0 14358 0 0 0 184
0 18675 0 14529 0 0 0 208
0 19092 0 14463 0 0 0 205
0 18732 0 14351 0 0 0 193
0 18757 0 14366 0 0 0 172
0 18637 0 14180 0 0 0 202
0 18757 0 13858 0 0 0 193
0 19067 0 14337 0 0 0 194
0 18696 0 14355 0 0 0 206
0 18726 0 14238 0 0 0 190
0 18896 0 14301 0 0 0 181
0 18861 0 14383 0 0 0 215
0 18964 0 14182 0 0 0 188
0 19022 0 14245 0 0 0 215
0 18850 0 14332 0 0 0 184
0 18709 0 14370 0 0 0 171
0 18635 0 14319 0 0 0 212
0 18601 0 14217 0 0 0 196
0 20761 0 14534 0 0 0 185
0 20728 0 14386 0 0 0 201
0 20748 0 14660 0 0 0 191
0 20634 0 15799 0 0 0 199
0 21089 0 15890 0 0 0 190
0 20954 0 16201 0 0 0 175
0 20839 0 15835 0 0 0 194
0 20953 0 16003 0 0 0 202
0 21037 0 16016 0 0 0 202
