# A B A' B' AB AA' BB' A'B'
0 22327 0 14885 0 0 0 63
0 20390 0 13447 0 0 0 65
0 20497 0 13440 0 0 0 42
0 19979 0 13458 0 0 0 56
0 20330 0 13649 0 0 0 41
0 20262 0 13675 0 0 0 62
0 20141 0 13447 0 0 0 38
0 19832 0 13393 0 0 0 46
0 19577 0 13340 0 0 0 54
0 19476 0 13297 0 0 0 55
0 19279 0 13188 0 0 0 46
0 19339 0 13195 0 0 0 53
0 19302 0 13234 0 0 0 62
0 19413 0 13255 0 0 0 56
0 19242 0 13227 0 0 0 40
0 19330 0 13113 0 0 0 45
0 19294 0 13179 0 0 0 64
0 19527 0 13175 0 0 0 53
0 19381 0 13273 0 0 0 56
0 19308 0 13128 0 0 0 47
0 19109 0 13251 0 0 0 57
0 19517 0 13097 0 0 0 48
0 19335 0 13009 0 0 0 59
0 19343 0 12973 0 0 0 58
0 19171 0 13192 0 0 0 52
0 19374 0 13235 0 0 0 56
0 19489 0 13180 0 0 0 36
0 19289 0 13248 0 0 0 36
0 19139 0 13492 0 0 0 64
0 19334 0 13107 0 0 0 49
0 19386 0 13426 0 0 0 46
0 19104 0 13215 0 0 0 40
0 21339 0 13017 0 0 0 51
0 21521 0 13136 0 0 0 40
0 21293 0 13244 0 0 0 35
0 21737 0 13316 0 0 0 52
0 21475 0 14659 0 0 0 40
0 21169 0 14643 0 0 0 43
0 21391 0 14538 0 0 0 63
0 21394 0 14346 0 0 0 62
0 21641 0 14710 0 0 0 62
0 21535 0 14536 0 0 0 50
0 21547 0 14821 0 0 0 49
0 21263 0 14696 0 0 0 48
0 21219 0 14565 0 0 0 42
0 19480 0 13281 0 0 0 50
0 19146 0 13087 0 0 0 48
0 19238 0 13399 0 0 0 63
0 19193 0 13359 0 0 0 58
0 19146 0 13163 0 0 0 44
0 19175 0 13191 0 0 0 47
0 19357 0 13291 0 0 0 49
0 19424 0 13324 0 0 0 45
0 19166 0 13393 0 0 0 42
0 19265 0 13272 0 0 0 53
0 19320 0 13435 0 0 0 37
0 19182 0 13091 0 0 0 49
0 19288 0 13261 0 0 0 50
0 19420 0 13205 0 0 0 42
0 19221 0 13266 0 0 0 35
