# A B A' B' AB AA' BB' A'B'
0 21452 0 14851 0 0 0 77
0 19884 0 13507 0 0 0 74
0 19412 0 13607 0 0 0 97
0 20321 0 13507 0 0 0 71
0 19294 0 13248 0 0 0 73
0 19286 0 13180 0 0 0 87
0 19680 0 13228 0 0 0 79
0 19271 0 13260 0 0 0 99
0 19376 0 13182 0 0 0 76
0 19114 0 13366 0 0 0 76
0 19221 0 13313 0 0 0 69
0 19111 0 13404 0 0 0 69
0 19098 0 13317 0 0 0 77
0 18958 0 13266 0 0 0 72
0 19306 0 13583 0 0 0 87
0 19210 0 13105 0 0 0 84
0 19110 0 13248 0 0 0 80
0 19228 0 13074 0 0 0 92
0 18782 0 13045 0 0 0 82
0 19025 0 13252 0 0 0 78
0 19101 0 13646 0 0 0 91
0 19149 0 13298 0 0 0 62
0 18934 0 13241 0 0 0 86
0 19124 0 13073 0 0 0 73
0 19410 0 13086 0 0 0 77
0 19082 0 13379 0 0 0 63
0 19255 0 13140 0 0 0 70
0 19293 0 13147 0 0 0 89
0 19150 0 13267 0 0 0 86
0 19013 0 12966 0 0 0 67
0 19197 0 13235 0 0 0 91
0 19049 0 13234 0 0 0 65
0 19222 0 13292 0 0 0 87
0 19054 0 13143 0 0 0 76
0 19190 0 13341 0 0 0 89
0 19208 0 13242 0 0 0 84
0 19056 0 13196 0 0 0 93
0 19225 0 13187 0 0 0 87
0 19102 0 13429 0 0 0 69
0 19233 0 13297 0 0 0 87
0 18895 0 13251 0 0 0 72
0 19001 0 13380 0 0 0 89
0 19006 0 13011 0 0 0 76
0 19159 0 13239 0 0 0 92
0 20944 0 13315 0 0 0 70
0 20936 0 13146 0 0 0 73
0 21371 0 13268 0 0 0 103
0 21038 0 13204 0 0 0 87
0 21358 0 14568 0 0 0 71
0 21041 0 14624 0 0 0 86
0 21012 0 14671 0 0 0 78
0 20780 0 14788 0 0 0 82
0 20912 0 14622 0 0 0 72
0 20909 0 14814 0 0 0 78
0 21090 0 14627 0 0 0 79
0 20960 0 14841 0 0 0 74
0 20940 0 14679 0 0 0 82
0 18931 0 13197 0 0 0 86
0 18896 0 13054 0 0 0 81
0 19187 0 13307 0 0 0 78
