# A B A' B' AB AA' BB' A'B'
0 21245 0 16372 0 0 0 291
0 19250 0 14392 0 0 0 260
0 19492 0 14651 0 0 0 256
0 19262 0 14525 0 0 0 251
0 19416 0 14597 0 0 0 260
0 18945 0 14569 0 0 0 219
0 19094 0 14440 0 0 0 236
0 19446 0 14827 0 0 0 243
0 18985 0 14631 0 0 0 267
0 19161 0 14635 0 0 0 259
0 19248 0 14913 0 0 0 236
0 19088 0 14479 0 0 0 222
0 19266 0 14488 0 0 0 232
0 19236 0 14711 0 0 0 238
0 19151 0 14274 0 0 0 260
0 18960 0 14497 0 0 0 220
0 20936 0 14599 0 0 0 235
0 21195 0 14626 0 0 0 281
0 20851 0 14600 0 0 0 214
0 21334 0 16013 0 0 0 225
0 21283 0 16067 0 0 0 247
0 21206 0 16039 0 0 0 223
0 21001 0 16174 0 0 0 238
0 21224 0 16278 0 0 0 258
0 21405 0 16124 0 0 0 230
0 21481 0 16040 0 0 0 256
0 21673 0 16187 0 0 0 281
0 21771 0 16300 0 0 0 274
0 19353 0 14556 0 0 0 239
0 19487 0 14373 0 0 0 229
0 19069 0 14697 0 0 0 236
0 19544 0 14404 0 0 0 272
0 19401 0 14662 0 0 0 255
0 19288 0 14228 0 0 0 221
0 19594 0 14546 0 0 0 225
0 19596 0 14539 0 0 0 240
0 19365 0 14584 0 0 0 251
0 19763 0 14464 0 0 0 249
0 19507 0 14369 0 0 0 237
0 19389 0 14552 0 0 0 246
0 19599 0 14744 0 0 0 246
0 19841 0 14422 0 0 0 240
0 19632 0 14390 0 0 0 244
0 19768 0 14371 0 0 0 210
0 19797 0 14613 0 0 0 239
0 19391 0 14569 0 0 0 223
0 19590 0 14407 0 0 0 261
0 19273 0 14634 0 0 0 239
0 19697 0 14409 0 0 0 237
0 19660 0 14488 0 0 0 255
0 19672 0 14592 0 0 0 244
0 19414 0 14392 0 0 0 265
0 19594 0 14723 0 0 0 240
0 19491 0 14400 0 0 0 251
0 19468 0 14687 0 0 0 211
0 19662 0 14319 0 0 0 228
0 19516 0 14692 0 0 0 238
0 19468 0 14642 0 0 0 233
0 19449 0 14467 0 0 0 231
0 19833 0 14526 0 0 0 261
