# A B A' B' AB AA' BB' A'B'
0 20987 0 14994 0 0 0 121
0 19038 0 13474 0 0 0 128
0 18910 0 13403 0 0 0 127
0 18913 0 13401 0 0 0 143
0 19030 0 13494 0 0 0 125
0 18490 0 13205 0 0 0 117
0 18922 0 13091 0 0 0 115
0 18720 0 13130 0 0 0 127
0 18507 0 13054 0 0 0 98
0 18794 0 13019 0 0 0 135
0 18587 0 13137 0 0 0 127
0 18733 0 13292 0 0 0 117
0 18716 0 13416 0 0 0 116
0 18487 0 13216 0 0 0 128
0 18659 0 13202 0 0 0 121
0 18673 0 13346 0 0 0 124
0 18710 0 13077 0 0 0 100
0 19037 0 13415 0 0 0 112
0 18882 0 13393 0 0 0 142
0 18766 0 12985 0 0 0 112
0 18855 0 13413 0 0 0 134
0 18880 0 13301 0 0 0 122
0 18726 0 13271 0 0 0 122
0 18537 0 13205 0 0 0 132
0 18669 0 13250 0 0 0 126
0 18958 0 13332 0 0 0 126
0 18871 0 12869 0 0 0 126
0 18703 0 13303 0 0 0 125
0 18432 0 13176 0 0 0 128
0 18628 0 12899 0 0 0 118
0 18728 0 13298 0 0 0 130
0 18627 0 12970 0 0 0 125
0 18784 0 13324 0 0 0 120
0 18511 0 13168 0 0 0 139
0 18732 0 13467 0 0 0 136
0 18753 0 13267 0 0 0 127
0 18721 0 12983 0 0 0 124
0 18740 0 13152 0 0 0 114
0 19040 0 13232 0 0 0 128
0 18761 0 13193 0 0 0 130
0 19041 0 13170 0 0 0 115
0 20371 0 13305 0 0 0 140
0 20796 0 13440 0 0 0 115
0 20948 0 13293 0 0 0 133
0 20741 0 13338 0 0 0 128
0 20879 0 14846 0 0 0 121
0 21004 0 14635 0 0 0 130
0 20683 0 14432 0 0 0 140
0 20891 0 14943 0 0 0 107
0 20788 0 14684 0 0 0 121
0 20629 0 14595 0 0 0 131
0 20833 0 14808 0 0 0 140
0 20739 0 14869 0 0 0 114
0 20758 0 14703 0 0 0 145
0 18872 0 13516 0 0 0 140
0 18702 0 13333 0 0 0 143
0 18505 0 13087 0 0 0 127
0 18603 0 13314 0 0 0 126
0 18852 0 13234 0 0 0 128
0 18603 0 13403 0 0 0 124
