# A B A' B' AB AA' BB' A'B'
0 22035 0 14686 0 0 0 292
0 21928 0 15079 0 0 0 288
0 21752 0 16402 0 0 0 277
0 21457 0 16600 0 0 0 285
0 20868 0 16411 0 0 0 273
0 20473 0 16184 0 0 0 274
0 21275 0 16064 0 0 0 283
0 20810 0 16067 0 0 0 266
0 20539 0 15650 0 0 0 300
0 20620 0 15778 0 0 0 285
0 20634 0 15959 0 0 0 294
0 18625 0 14286 0 0 0 276
0 18154 0 14298 0 0 0 317
0 18271 0 14219 0 0 0 284
0 18420 0 14337 0 0 0 312
0 18495 0 14369 0 0 0 316
0 18328 0 14346 0 0 0 303
0 18253 0 14371 0 0 0 294
0 18262 0 14603 0 0 0 302
0 18602 0 14355 0 0 0 250
0 18044 0 14419 0 0 0 292
0 18553 0 14491 0 0 0 299
0 18340 0 14142 0 0 0 291
0 18364 0 14273 0 0 0 263
0 18429 0 14314 0 0 0 256
0 18259 0 14534 0 0 0 285
0 18250 0 14471 0 0 0 253
0 18463 0 14189 0 0 0 309
0 18465 0 14385 0 0 0 288
0 18137 0 14349 0 0 0 315
0 18663 0 14403 0 0 0 293
0 18405 0 14439 0 0 0 277
0 18522 0 14280 0 0 0 302
0 18512 0 14341 0 0 0 282
0 18070 0 14265 0 0 0 301
0 18615 0 14544 0 0 0 332
0 18322 0 14414 0 0 0 274
0 18280 0 14415 0 0 0 273
0 18279 0 14222 0 0 0 278
0 18731 0 14140 0 0 0 301
0 18395 0 14368 0 0 0 285
0 18292 0 14322 0 0 0 261
0 18374 0 14195 0 0 0 295
0 18430 0 14267 0 0 0 291
0 18520 0 14239 0 0 0 287
0 18693 0 14494 0 0 0 318
0 18372 0 14316 0 0 0 298
0 18346 0 14444 0 0 0 290
0 18730 0 14535 0 0 0 298
0 18238 0 14374 0 0 0 290
0 18422 0 14074 0 0 0 276
0 18631 0 14397 0 0 0 294
0 18470 0 14360 0 0 0 284
0 18250 0 14368 0 0 0 250
0 18185 0 14279 0 0 0 301
0 18411 0 14385 0 0 0 286
0 18036 0 14294 0 0 0 311
0 18219 0 14351 0 0 0 261
0 18750 0 14316 0 0 0 289
0 18631 0 14513 0 0 0 270
