# A B A' B' AB AA' BB' A'B'
0 21262 0 15109 0 0 0 217
0 18196 0 13247 0 0 0 148
0 18631 0 13030 0 0 0 159
0 18291 0 13353 0 0 0 182
0 18086 0 13078 0 0 0 172
0 18104 0 13327 0 0 0 150
0 18241 0 13325 0 0 0 173
0 18300 0 13254 0 0 0 194
0 17888 0 13236 0 0 0 168
0 17914 0 13271 0 0 0 204
0 18067 0 13287 0 0 0 173
0 18005 0 13243 0 0 0 162
0 18004 0 13187 0 0 0 161
0 18203 0 13280 0 0 0 183
0 18007 0 13186 0 0 0 193
0 17984 0 13119 0 0 0 147
0 18092 0 13096 0 0 0 183
0 17812 0 13045 0 0 0 160
0 18238 0 12924 0 0 0 202
0 18114 0 13157 0 0 0 190
0 18142 0 13025 0 0 0 164
0 18103 0 13236 0 0 0 177
0 18207 0 13334 0 0 0 179
0 18144 0 13307 0 0 0 163
0 17964 0 13319 0 0 0 184
0 18189 0 13309 0 0 0 195
0 18211 0 13147 0 0 0 176
0 17760 0 13376 0 0 0 177
0 17786 0 13168 0 0 0 169
0 18127 0 13572 0 0 0 173
0 18118 0 13075 0 0 0 163
0 18055 0 13288 0 0 0 189
0 17982 0 13385 0 0 0 190
0 18020 0 13069 0 0 0 190
0 18136 0 13293 0 0 0 196
0 18027 0 13158 0 0 0 181
0 17978 0 13205 0 0 0 168
0 18167 0 13234 0 0 0 191
0 18158 0 13088 0 0 0 191
0 18281 0 13315 0 0 0 176
0 18213 0 13240 0 0 0 180
0 17793 0 13253 0 0 0 171
0 18107 0 13433 0 0 0 186
0 19999 0 13179 0 0 0 175
0 19895 0 13094 0 0 0 174
0 19878 0 13287 0 0 0 181
0 20134 0 14663 0 0 0 188
0 20002 0 14565 0 0 0 171
0 19992 0 14583 0 0 0 163
0 20125 0 14875 0 0 0 186
0 19818 0 14595 0 0 0 193
0 19835 0 14961 0 0 0 196
0 20230 0 14481 0 0 0 203
0 20033 0 14720 0 0 0 213
0 20091 0 14591 0 0 0 191
0 17638 0 13105 0 0 0 155
0 18241 0 13249 0 0 0 176
0 18529 0 13352 0 0 0 190
0 18531 0 13277 0 0 0 193
0 18138 0 13338 0 0 0 177
