# A B A' B' AB AA' BB' A'B'
0 21201 0 16555 0 0 0 350
0 19019 0 14951 0 0 0 333
0 18882 0 14610 0 0 0 352
0 18614 0 15061 0 0 0 332
0 18850 0 15087 0 0 0 360
0 18748 0 14773 0 0 0 296
0 18820 0 14692 0 0 0 339
0 18823 0 14824 0 0 0 341
0 18763 0 14839 0 0 0 329
0 18834 0 14829 0 0 0 325
0 19620 0 14949 0 0 0 322
0 19261 0 15232 0 0 0 331
0 18971 0 14997 0 0 0 314
0 19046 0 14820 0 0 0 336
0 18975 0 14969 0 0 0 337
0 19344 0 15135 0 0 0 335
0 19088 0 15055 0 0 0 331
0 19190 0 15006 0 0 0 303
0 19267 0 14862 0 0 0 308
0 19204 0 14838 0 0 0 323
0 21343 0 14727 0 0 0 339
0 20928 0 15081 0 0 0 330
0 21185 0 15054 0 0 0 319
0 20929 0 16377 0 0 0 302
0 20555 0 16497 0 0 0 303
0 20719 0 16402 0 0 0 325
0 20523 0 16383 0 0 0 363
0 20692 0 16120 0 0 0 319
0 20416 0 16326 0 0 0 303
0 20623 0 16298 0 0 0 319
0 20685 0 16343 0 0 0 368
0 20744 0 16609 0 0 0 367
0 20640 0 16067 0 0 0 364
0 19052 0 14826 0 0 0 303
0 18779 0 14837 0 0 0 310
0 18777 0 14871 0 0 0 308
0 19295 0 14856 0 0 0 298
0 19051 0 14864 0 0 0 333
0 19365 0 15233 0 0 0 332
0 18965 0 14803 0 0 0 321
0 19130 0 14997 0 0 0 317
0 19149 0 14947 0 0 0 326
0 19144 0 15134 0 0 0 320
0 19163 0 14776 0 0 0 306
0 19062 0 14809 0 0 0 334
0 19220 0 14749 0 0 0 363
0 18877 0 14954 0 0 0 293
0 18773 0 14807 0 0 0 314
0 18905 0 14711 0 0 0 317
0 18889 0 15031 0 0 0 347
0 19080 0 14644 0 0 0 313
0 19141 0 14882 0 0 0 321
0 18994 0 14901 0 0 0 330
0 19029 0 14809 0 0 0 323
0 19074 0 14694 0 0 0 337
0 18946 0 14905 0 0 0 324
0 18743 0 14342 0 0 0 329
0 17970 0 14339 0 0 0 320
0 18141 0 14320 0 0 0 310
0 17966 0 14401 0 0 0 334
