# A B A' B' AB AA' BB' A'B'
0 19644 0 16348 0 0 0 414
0 17612 0 14638 0 0 0 344
0 17838 0 14564 0 0 0 368
0 17627 0 14693 0 0 0 333
0 17827 0 14601 0 0 0 350
0 18223 0 14629 0 0 0 342
0 17263 0 14443 0 0 0 312
0 17126 0 14403 0 0 0 309
0 17477 0 14404 0 0 0 296
0 17682 0 14245 0 0 0 366
0 17426 0 14558 0 0 0 300
0 17242 0 14330 0 0 0 335
0 17393 0 14480 0 0 0 313
0 17596 0 14523 0 0 0 368
0 17278 0 14510 0 0 0 347
0 17414 0 14387 0 0 0 374
0 17393 0 14427 0 0 0 316
0 17390 0 14541 0 0 0 348
0 17651 0 14423 0 0 0 349
0 19265 0 14319 0 0 0 335
0 19674 0 14293 0 0 0 330
0 19580 0 15844 0 0 0 323
0 19373 0 16068 0 0 0 329
0 19491 0 15798 0 0 0 322
0 19246 0 15646 0 0 0 304
0 19495 0 15755 0 0 0 339
0 19563 0 15989 0 0 0 354
0 19354 0 16183 0 0 0 318
0 19109 0 15757 0 0 0 342
0 19536 0 15952 0 0 0 371
0 19397 0 16070 0 0 0 391
0 19470 0 15937 0 0 0 382
0 17568 0 14456 0 0 0 374
0 17429 0 14376 0 0 0 378
0 17621 0 14434 0 0 0 346
0 17472 0 14511 0 0 0 325
0 17348 0 14588 0 0 0 327
0 17495 0 14520 0 0 0 346
0 17813 0 14367 0 0 0 346
0 17492 0 14708 0 0 0 308
0 17514 0 14295 0 0 0 351
0 17506 0 14308 0 0 0 339
0 17406 0 14355 0 0 0 360
0 17260 0 14385 0 0 0 313
0 17330 0 14305 0 0 0 310
0 17493 0 14248 0 0 0 348
0 17486 0 14296 0 0 0 326
0 17576 0 14558 0 0 0 328
0 17711 0 14402 0 0 0 329
0 17373 0 14413 0 0 0 337
0 17438 0 14294 0 0 0 354
0 17384 0 14563 0 0 0 373
0 17239 0 14349 0 0 0 349
0 17503 0 14375 0 0 0 340
0 17367 0 14210 0 0 0 346
0 17331 0 14394 0 0 0 362
0 17445 0 14456 0 0 0 352
0 17510 0 14362 0 0 0 313
0 17302 0 14440 0 0 0 330
0 17250 0 14533 0 0 0 351
