# A B A' B' AB AA' BB' A'B'
0 20591 0 15181 0 0 0 267
0 19868 0 15039 0 0 0 254
0 17852 0 13371 0 0 0 210
0 17535 0 13257 0 0 0 214
0 17579 0 13202 0 0 0 251
0 17756 0 13371 0 0 0 231
0 17660 0 13356 0 0 0 212
0 17523 0 13421 0 0 0 237
0 17640 0 13362 0 0 0 210
0 17586 0 13310 0 0 0 224
0 17496 0 13272 0 0 0 231
0 17651 0 13124 0 0 0 242
0 17866 0 13244 0 0 0 261
0 17889 0 13468 0 0 0 238
0 17458 0 13237 0 0 0 213
0 17505 0 13611 0 0 0 239
0 17273 0 13475 0 0 0 261
0 17569 0 13309 0 0 0 240
0 17882 0 13411 0 0 0 253
0 17666 0 13616 0 0 0 246
0 17862 0 13346 0 0 0 230
0 17683 0 13286 0 0 0 259
0 17868 0 13257 0 0 0 234
0 17677 0 13550 0 0 0 245
0 17643 0 13547 0 0 0 244
0 17615 0 13279 0 0 0 250
0 17701 0 13354 0 0 0 215
0 17422 0 13091 0 0 0 245
0 17558 0 13294 0 0 0 244
0 17310 0 13301 0 0 0 248
0 17629 0 13216 0 0 0 247
0 17638 0 13373 0 0 0 200
0 17308 0 13464 0 0 0 256
0 17507 0 13309 0 0 0 250
0 17703 0 13294 0 0 0 235
0 17646 0 13223 0 0 0 226
0 17572 0 13220 0 0 0 246
0 17357 0 13189 0 0 0 229
0 17427 0 13262 0 0 0 249
0 17242 0 13269 0 0 0 238
0 17553 0 13542 0 0 0 272
0 17661 0 13299 0 0 0 251
0 17434 0 13322 0 0 0 252
0 17587 0 13520 0 0 0 260
0 17617 0 13312 0 0 0 225
0 17591 0 13076 0 0 0 225
0 17479 0 13389 0 0 0 229
0 17549 0 13365 0 0 0 234
0 17628 0 13212 0 0 0 254
0 17458 0 13359 0 0 0 243
0 17517 0 13509 0 0 0 246
0 17474 0 13283 0 0 0 248
0 19704 0 13282 0 0 0 222
0 19461 0 13528 0 0 0 234
0 19734 0 13146 0 0 0 230
0 19639 0 13145 0 0 0 255
0 19497 0 14966 0 0 0 215
0 19553 0 14855 0 0 0 272
0 19532 0 14809 0 0 0 252
0 19796 0 14982 0 0 0 240
