# A B A' B' AB AA' BB' A'B'
0 19273 0 16571 0 0 0 391
0 17030 0 14801 0 0 0 373
0 16574 0 14726 0 0 0 361
0 16269 0 14478 0 0 0 374
0 15846 0 14324 0 0 0 322
0 17692 0 15272 0 0 0 370
0 17262 0 14726 0 0 0 323
0 17372 0 14895 0 0 0 343
0 17159 0 14872 0 0 0 381
0 17202 0 14617 0 0 0 332
0 17292 0 14953 0 0 0 347
0 16966 0 14754 0 0 0 337
0 17113 0 14879 0 0 0 355
0 16974 0 14794 0 0 0 322
0 17117 0 14819 0 0 0 353
0 17196 0 14825 0 0 0 342
0 18965 0 14875 0 0 0 307
0 18843 0 14724 0 0 0 326
0 19351 0 14838 0 0 0 373
0 19018 0 14965 0 0 0 344
0 19201 0 16495 0 0 0 342
0 19106 0 16330 0 0 0 361
0 18582 0 16417 0 0 0 359
0 18418 0 16163 0 0 0 337
0 17841 0 15841 0 0 0 339
0 17447 0 15633 0 0 0 324
0 17306 0 15725 0 0 0 386
0 17673 0 15557 0 0 0 365
0 17836 0 16117 0 0 0 394
0 16359 0 14474 0 0 0 354
0 17487 0 14772 0 0 0 329
0 16424 0 14444 0 0 0 341
0 16614 0 14616 0 0 0 364
0 15911 0 14349 0 0 0 349
0 15666 0 14091 0 0 0 343
0 15893 0 14014 0 0 0 323
0 15850 0 13933 0 0 0 325
0 15951 0 14150 0 0 0 366
0 16252 0 14199 0 0 0 339
0 16518 0 14277 0 0 0 316
0 16573 0 14233 0 0 0 347
0 16438 0 14376 0 0 0 310
0 16698 0 14304 0 0 0 336
0 16355 0 14400 0 0 0 386
0 16661 0 14487 0 0 0 339
0 15877 0 14313 0 0 0 299
0 15951 0 14181 0 0 0 358
0 15888 0 14246 0 0 0 316
0 15634 0 14309 0 0 0 310
0 15903 0 14280 0 0 0 387
0 15975 0 14408 0 0 0 339
0 16087 0 14134 0 0 0 340
0 16128 0 14370 0 0 0 333
0 15788 0 14550 0 0 0 364
0 15941 0 14320 0 0 0 310
0 16117 0 14276 0 0 0 310
0 16039 0 14389 0 0 0 352
0 15973 0 14226 0 0 0 372
0 16176 0 14312 0 0 0 340
0 16146 0 14273 0 0 0 369
