# A B A' B' AB AA' BB' A'B'
0 18741 0 14763 0 0 0 347
0 16214 0 13367 0 0 0 315
0 16759 0 13266 0 0 0 270
0 16688 0 13306 0 0 0 296
0 16632 0 13398 0 0 0 273
0 16813 0 13521 0 0 0 304
0 16974 0 13252 0 0 0 304
0 16717 0 13346 0 0 0 322
0 16491 0 13393 0 0 0 292
0 16693 0 13412 0 0 0 278
0 16147 0 13377 0 0 0 311
0 17084 0 13705 0 0 0 320
0 17390 0 13599 0 0 0 288
0 17382 0 13555 0 0 0 285
0 17054 0 13427 0 0 0 263
0 17384 0 13423 0 0 0 270
0 17359 0 13399 0 0 0 307
0 17206 0 13486 0 0 0 273
0 17119 0 13264 0 0 0 269
0 17115 0 13414 0 0 0 283
0 17147 0 13390 0 0 0 281
0 17306 0 13463 0 0 0 290
0 18835 0 13373 0 0 0 286
0 19240 0 13450 0 0 0 305
0 19335 0 13461 0 0 0 315
0 19377 0 14881 0 0 0 288
0 19721 0 15118 0 0 0 299
0 19328 0 15250 0 0 0 323
0 19507 0 14956 0 0 0 286
0 19332 0 14778 0 0 0 285
0 19321 0 15005 0 0 0 291
0 19403 0 15015 0 0 0 319
0 19130 0 15017 0 0 0 332
0 19418 0 15056 0 0 0 335
0 19289 0 14907 0 0 0 300
0 17445 0 13519 0 0 0 321
0 17481 0 13410 0 0 0 300
0 17313 0 13347 0 0 0 298
0 17193 0 13424 0 0 0 289
0 17060 0 13374 0 0 0 284
0 17184 0 13544 0 0 0 273
0 17326 0 13337 0 0 0 310
0 17237 0 13329 0 0 0 310
0 16809 0 13601 0 0 0 282
0 17093 0 13570 0 0 0 275
0 17110 0 13351 0 0 0 288
0 17139 0 13447 0 0 0 294
0 16937 0 13404 0 0 0 299
0 17326 0 13521 0 0 0 290
0 17026 0 13505 0 0 0 319
0 17128 0 13328 0 0 0 289
0 17317 0 13168 0 0 0 272
0 16957 0 13245 0 0 0 301
0 16767 0 13583 0 0 0 254
0 16940 0 13407 0 0 0 318
0 17471 0 13490 0 0 0 278
0 17303 0 13535 0 0 0 304
0 17277 0 13248 0 0 0 266
0 17224 0 13371 0 0 0 295
0 17433 0 13523 0 0 0 298
