# A B A' B' AB AA' BB' A'B'
0 16923 0 16290 0 0 0 372
0 15161 0 14521 0 0 0 321
0 15186 0 14427 0 0 0 323
0 15243 0 14331 0 0 0 334
0 14778 0 14608 0 0 0 338
0 15486 0 14645 0 0 0 328
0 15342 0 14548 0 0 0 336
0 15370 0 14663 0 0 0 328
0 15409 0 14736 0 0 0 343
0 14929 0 14724 0 0 0 303
0 14912 0 14546 0 0 0 332
0 16916 0 14845 0 0 0 325
0 17179 0 14368 0 0 0 310
0 17374 0 14567 0 0 0 336
0 17022 0 14410 0 0 0 295
0 17229 0 16016 0 0 0 285
0 17269 0 16237 0 0 0 326
0 16828 0 15775 0 0 0 353
0 17084 0 16121 0 0 0 307
0 16896 0 15872 0 0 0 348
0 17020 0 15977 0 0 0 357
0 16925 0 15888 0 0 0 335
0 17064 0 15953 0 0 0 357
0 17490 0 15924 0 0 0 374
0 17353 0 16008 0 0 0 341
0 15600 0 14290 0 0 0 331
0 15517 0 14450 0 0 0 321
0 15423 0 14412 0 0 0 324
0 15421 0 14239 0 0 0 304
0 15327 0 14547 0 0 0 333
0 15478 0 14634 0 0 0 312
0 15078 0 14433 0 0 0 320
0 15636 0 14625 0 0 0 321
0 15256 0 14272 0 0 0 295
0 15415 0 14339 0 0 0 331
0 15393 0 14373 0 0 0 328
0 15384 0 14451 0 0 0 326
0 15496 0 14491 0 0 0 320
0 15613 0 14374 0 0 0 341
0 15534 0 14398 0 0 0 341
0 15193 0 14135 0 0 0 358
0 15270 0 14261 0 0 0 330
0 15428 0 14609 0 0 0 323
0 15211 0 14494 0 0 0 338
0 15346 0 14277 0 0 0 295
0 15368 0 14255 0 0 0 335
0 15106 0 14180 0 0 0 315
0 15441 0 14239 0 0 0 314
0 15351 0 14236 0 0 0 349
0 15328 0 14409 0 0 0 337
0 15321 0 14262 0 0 0 329
0 15420 0 14441 0 0 0 349
0 15259 0 14419 0 0 0 343
0 15355 0 14422 0 0 0 321
0 15202 0 14246 0 0 0 329
0 15049 0 14672 0 0 0 322
0 15070 0 14229 0 0 0 305
0 15222 0 14515 0 0 0 335
0 15275 0 14368 0 0 0 331
0 15465 0 14347 0 0 0 344
