# A B A' B' AB AA' BB' A'B'
0 17125 0 14981 0 0 0 390
0 14783 0 13469 0 0 0 335
0 14826 0 13255 0 0 0 339
0 15243 0 13194 0 0 0 342
0 15358 0 13418 0 0 0 381
0 14655 0 13100 0 0 0 349
0 15293 0 13343 0 0 0 407
0 15006 0 13257 0 0 0 333
0 15048 0 13088 0 0 0 391
0 14934 0 13077 0 0 0 329
0 15316 0 13114 0 0 0 341
0 15176 0 13295 0 0 0 375
0 14886 0 13181 0 0 0 329
0 14928 0 13119 0 0 0 320
0 15015 0 13052 0 0 0 331
0 15362 0 13020 0 0 0 383
0 15013 0 13208 0 0 0 343
0 14910 0 13274 0 0 0 345
0 15110 0 13333 0 0 0 335
0 14987 0 13083 0 0 0 328
0 15074 0 13120 0 0 0 331
0 14907 0 13177 0 0 0 341
0 15065 0 13061 0 0 0 331
0 14983 0 13168 0 0 0 312
0 15512 0 13009 0 0 0 331
0 14990 0 13262 0 0 0 319
0 15092 0 13153 0 0 0 321
0 16933 0 13176 0 0 0 356
0 16526 0 13178 0 0 0 331
0 16481 0 13190 0 0 0 315
0 16657 0 14730 0 0 0 340
0 16696 0 14284 0 0 0 317
0 16789 0 14605 0 0 0 364
0 16527 0 14547 0 0 0 334
0 16843 0 14461 0 0 0 362
0 16672 0 14751 0 0 0 370
0 16789 0 14566 0 0 0 374
0 16954 0 14682 0 0 0 390
0 16938 0 14720 0 0 0 393
0 14899 0 13012 0 0 0 355
0 15203 0 13085 0 0 0 350
0 14902 0 13246 0 0 0 365
0 14994 0 12997 0 0 0 377
0 14893 0 13209 0 0 0 329
0 15315 0 13033 0 0 0 346
0 15189 0 12977 0 0 0 350
0 14957 0 13064 0 0 0 339
0 14927 0 13060 0 0 0 331
0 15120 0 12965 0 0 0 373
0 15160 0 13025 0 0 0 332
0 15165 0 12863 0 0 0 345
0 14972 0 13179 0 0 0 356
0 14948 0 13185 0 0 0 330
0 15174 0 12981 0 0 0 371
0 15131 0 12951 0 0 0 346
0 14944 0 13182 0 0 0 351
0 14860 0 13001 0 0 0 349
0 15013 0 13138 0 0 0 370
0 15044 0 13219 0 0 0 354
0 14856 0 13255 0 0 0 354
