# A B A' B' AB AA' BB' A'B'
0 17277 0 16543 0 0 0 338
0 15461 0 14753 0 0 0 273
0 15360 0 14600 0 0 0 284
0 15157 0 14764 0 0 0 260
0 15308 0 14726 0 0 0 290
0 15218 0 14455 0 0 0 278
0 15433 0 14732 0 0 0 286
0 15481 0 14685 0 0 0 280
0 15514 0 14660 0 0 0 299
0 15526 0 14785 0 0 0 297
0 15482 0 14998 0 0 0 280
0 15367 0 14795 0 0 0 288
0 15176 0 14657 0 0 0 274
0 15513 0 14825 0 0 0 320
0 15329 0 14706 0 0 0 301
0 15374 0 14708 0 0 0 283
0 17305 0 14739 0 0 0 266
0 17136 0 14277 0 0 0 318
0 16948 0 14299 0 0 0 291
0 16729 0 14369 0 0 0 293
0 16619 0 16048 0 0 0 302
0 17202 0 16122 0 0 0 293
0 17290 0 16689 0 0 0 312
0 17465 0 16432 0 0 0 292
0 17551 0 16590 0 0 0 295
0 17457 0 16399 0 0 0 297
0 17222 0 16223 0 0 0 317
0 16648 0 16395 0 0 0 322
0 16778 0 16009 0 0 0 349
0 15158 0 14434 0 0 0 314
0 15087 0 14368 0 0 0 276
0 15346 0 14337 0 0 0 302
0 14832 0 14355 0 0 0 305
0 14932 0 14328 0 0 0 298
0 14850 0 14394 0 0 0 255
0 14998 0 14254 0 0 0 291
0 14924 0 14319 0 0 0 296
0 15015 0 14261 0 0 0 292
0 15013 0 14240 0 0 0 299
0 14870 0 14428 0 0 0 292
0 15041 0 14342 0 0 0 308
0 15268 0 14368 0 0 0 311
0 14970 0 14483 0 0 0 299
0 15033 0 14381 0 0 0 291
0 15240 0 14434 0 0 0 298
0 14860 0 14177 0 0 0 286
0 15176 0 14545 0 0 0 324
0 15052 0 14623 0 0 0 285
0 15041 0 14170 0 0 0 261
0 14895 0 14293 0 0 0 295
0 15306 0 14596 0 0 0 310
0 15059 0 14168 0 0 0 277
0 15126 0 14501 0 0 0 302
0 15487 0 14051 0 0 0 308
0 15196 0 14552 0 0 0 264
0 14990 0 14493 0 0 0 264
0 15375 0 14038 0 0 0 284
0 15174 0 14508 0 0 0 292
0 14760 0 14215 0 0 0 277
0 15192 0 14302 0 0 0 310
