# A B A' B' AB AA' BB' A'B'
0 16987 0 14848 0 0 0 427
0 15448 0 13333 0 0 0 319
0 15471 0 13402 0 0 0 336
0 15284 0 13554 0 0 0 340
0 15036 0 13502 0 0 0 356
0 14431 0 13080 0 0 0 342
0 14284 0 13213 0 0 0 375
0 14529 0 13131 0 0 0 333
0 14838 0 13190 0 0 0 384
0 15112 0 13309 0 0 0 368
0 14846 0 13226 0 0 0 352
0 14666 0 13269 0 0 0 364
0 14767 0 13134 0 0 0 336
0 14923 0 13225 0 0 0 351
0 14742 0 13188 0 0 0 395
0 14705 0 13042 0 0 0 381
0 14973 0 13238 0 0 0 348
0 14969 0 13374 0 0 0 395
0 14894 0 13354 0 0 0 364
0 14764 0 13171 0 0 0 344
0 14949 0 13307 0 0 0 351
0 14943 0 13239 0 0 0 342
0 14500 0 13170 0 0 0 361
0 14679 0 13170 0 0 0 350
0 14950 0 13117 0 0 0 345
0 14658 0 13155 0 0 0 360
0 14925 0 13243 0 0 0 374
0 16679 0 13282 0 0 0 355
0 16336 0 12889 0 0 0 358
0 16571 0 13011 0 0 0 341
0 16164 0 14973 0 0 0 349
0 16516 0 14622 0 0 0 343
0 16393 0 14546 0 0 0 371
0 16412 0 14835 0 0 0 371
0 16664 0 14765 0 0 0 366
0 16426 0 14673 0 0 0 354
0 16366 0 14490 0 0 0 382
0 16418 0 14758 0 0 0 412
0 16351 0 14886 0 0 0 398
0 14540 0 13195 0 0 0 361
0 14808 0 13220 0 0 0 329
0 14747 0 13471 0 0 0 372
0 14677 0 13071 0 0 0 360
0 14917 0 13295 0 0 0 376
0 14591 0 13211 0 0 0 337
0 14660 0 13073 0 0 0 345
0 14526 0 13346 0 0 0 378
0 15087 0 13181 0 0 0 376
0 14834 0 13289 0 0 0 365
0 14586 0 13283 0 0 0 362
0 14847 0 13221 0 0 0 318
0 14678 0 13381 0 0 0 354
0 14602 0 13081 0 0 0 343
0 14853 0 13409 0 0 0 344
0 14583 0 13289 0 0 0 349
0 14863 0 13412 0 0 0 340
0 14938 0 13248 0 0 0 335
0 14784 0 13287 0 0 0 363
0 14743 0 13219 0 0 0 377
0 14592 0 13326 0 0 0 352
