# A B A' B' AB AA' BB' A'B'
0 16835 0 16216 0 0 0 277
0 14798 0 14559 0 0 0 241
0 15178 0 14594 0 0 0 247
0 14927 0 14740 0 0 0 229
0 15138 0 14462 0 0 0 249
0 14869 0 14449 0 0 0 254
0 14961 0 14371 0 0 0 271
0 15136 0 14282 0 0 0 247
0 14763 0 14502 0 0 0 255
0 14690 0 14481 0 0 0 245
0 15202 0 14454 0 0 0 269
0 14928 0 14462 0 0 0 229
0 14684 0 14571 0 0 0 251
0 15047 0 14658 0 0 0 249
0 15027 0 14424 0 0 0 260
0 14903 0 14325 0 0 0 274
0 15010 0 14121 0 0 0 266
0 14970 0 14403 0 0 0 290
0 14892 0 14423 0 0 0 235
0 14879 0 14291 0 0 0 266
0 14773 0 14230 0 0 0 235
0 16369 0 14620 0 0 0 257
0 16260 0 14177 0 0 0 251
0 16379 0 14250 0 0 0 252
0 16601 0 14317 0 0 0 267
0 16409 0 15947 0 0 0 239
0 16412 0 15634 0 0 0 270
0 16637 0 16047 0 0 0 250
0 16525 0 15954 0 0 0 246
0 16520 0 16219 0 0 0 259
0 16537 0 16078 0 0 0 252
0 16605 0 15833 0 0 0 223
0 16371 0 16322 0 0 0 262
0 16487 0 15943 0 0 0 263
0 15030 0 14268 0 0 0 263
0 14521 0 14266 0 0 0 224
0 14996 0 14400 0 0 0 240
0 15117 0 14467 0 0 0 233
0 14628 0 14517 0 0 0 241
0 14895 0 14413 0 0 0 252
0 14710 0 14361 0 0 0 239
0 14794 0 14320 0 0 0 258
0 14924 0 14275 0 0 0 220
0 14939 0 14251 0 0 0 241
0 14649 0 14428 0 0 0 231
0 14995 0 14432 0 0 0 256
0 14885 0 14458 0 0 0 238
0 14851 0 14384 0 0 0 253
0 14993 0 14358 0 0 0 251
0 15048 0 14617 0 0 0 254
0 14828 0 14199 0 0 0 212
0 14784 0 14380 0 0 0 257
0 14957 0 14407 0 0 0 253
0 14950 0 14448 0 0 0 236
0 14911 0 14434 0 0 0 225
0 14889 0 14321 0 0 0 243
0 15081 0 14459 0 0 0 238
0 15047 0 14129 0 0 0 279
0 14847 0 14441 0 0 0 252
0 15090 0 14203 0 0 0 257
