# A B A' B' AB AA' BB' A'B'
0 16533 0 14655 0 0 0 394
0 14973 0 13214 0 0 0 342
0 14917 0 13123 0 0 0 340
0 15095 0 13351 0 0 0 359
0 14932 0 13224 0 0 0 327
0 14872 0 13385 0 0 0 316
0 14919 0 13370 0 0 0 366
0 14859 0 13054 0 0 0 339
0 14937 0 13563 0 0 0 345
0 14651 0 13263 0 0 0 354
0 14786 0 13535 0 0 0 320
0 15073 0 13347 0 0 0 350
0 14883 0 13275 0 0 0 335
0 15274 0 13207 0 0 0 314
0 14916 0 13400 0 0 0 311
0 14866 0 13268 0 0 0 344
0 14672 0 13063 0 0 0 317
0 14837 0 13484 0 0 0 349
0 15237 0 13222 0 0 0 350
0 14828 0 13292 0 0 0 352
0 14789 0 13240 0 0 0 343
0 14593 0 13246 0 0 0 368
0 14892 0 13424 0 0 0 330
0 14900 0 13202 0 0 0 359
0 14799 0 13282 0 0 0 337
0 14629 0 13029 0 0 0 321
0 14850 0 12823 0 0 0 349
0 14647 0 13233 0 0 0 338
0 14717 0 13073 0 0 0 365
0 14743 0 13013 0 0 0 390
0 16196 0 12992 0 0 0 375
0 16394 0 13139 0 0 0 402
0 16564 0 13108 0 0 0 348
0 16236 0 14506 0 0 0 330
0 16287 0 14499 0 0 0 335
0 16450 0 14488 0 0 0 348
0 16221 0 14644 0 0 0 390
0 16280 0 14560 0 0 0 322
0 16093 0 14201 0 0 0 309
0 16387 0 14452 0 0 0 350
0 16195 0 14298 0 0 0 358
0 16310 0 14549 0 0 0 383
0 14703 0 13015 0 0 0 343
0 14913 0 13156 0 0 0 365
0 14640 0 13106 0 0 0 337
0 14701 0 13006 0 0 0 365
0 14900 0 13161 0 0 0 347
0 14632 0 13061 0 0 0 339
0 14612 0 12958 0 0 0 375
0 14602 0 12972 0 0 0 341
0 14520 0 13109 0 0 0 398
0 14615 0 13135 0 0 0 389
0 14707 0 13003 0 0 0 376
0 14855 0 13052 0 0 0 340
0 14716 0 13259 0 0 0 333
0 14700 0 12919 0 0 0 383
0 14571 0 12978 0 0 0 338
0 14626 0 13116 0 0 0 347
0 14779 0 13130 0 0 0 350
0 14807 0 13071 0 0 0 322
