# A B A' B' AB AA' BB' A'B'
0 17346 0 16441 0 0 0 231
0 15579 0 14777 0 0 0 198
0 15740 0 14625 0 0 0 181
0 15099 0 14669 0 0 0 204
0 15105 0 14627 0 0 0 194
0 15026 0 14411 0 0 0 215
0 15012 0 14323 0 0 0 217
0 15098 0 14231 0 0 0 206
0 14734 0 14301 0 0 0 217
0 15193 0 14640 0 0 0 225
0 15255 0 14452 0 0 0 192
0 15119 0 14597 0 0 0 199
0 15148 0 14461 0 0 0 208
0 15207 0 14398 0 0 0 209
0 15256 0 14447 0 0 0 174
0 15326 0 14424 0 0 0 199
0 15457 0 14350 0 0 0 203
0 15194 0 14321 0 0 0 191
0 15206 0 14477 0 0 0 204
0 15119 0 14417 0 0 0 214
0 14944 0 14349 0 0 0 198
0 14898 0 14547 0 0 0 189
0 14946 0 14543 0 0 0 202
0 15189 0 14585 0 0 0 185
0 15052 0 14436 0 0 0 203
0 14830 0 14445 0 0 0 168
0 14954 0 14626 0 0 0 180
0 14961 0 14614 0 0 0 199
0 15079 0 14448 0 0 0 216
0 15260 0 14343 0 0 0 198
0 15343 0 14397 0 0 0 204
0 15289 0 14440 0 0 0 200
0 14895 0 14263 0 0 0 194
0 14875 0 14336 0 0 0 172
0 15061 0 14504 0 0 0 173
0 15009 0 14613 0 0 0 187
0 15017 0 14463 0 0 0 185
0 15089 0 14484 0 0 0 206
0 15145 0 14538 0 0 0 188
0 15041 0 14301 0 0 0 217
0 15234 0 14546 0 0 0 208
0 15018 0 14532 0 0 0 208
0 15177 0 14346 0 0 0 183
0 15048 0 14418 0 0 0 181
0 15110 0 14454 0 0 0 218
0 15077 0 14437 0 0 0 215
0 15241 0 14429 0 0 0 226
0 16761 0 14583 0 0 0 198
0 16755 0 14324 0 0 0 196
0 16904 0 14248 0 0 0 207
0 16753 0 14476 0 0 0 213
0 16707 0 15893 0 0 0 207
0 16764 0 15905 0 0 0 178
0 16604 0 15935 0 0 0 203
0 16900 0 16070 0 0 0 197
0 16542 0 16084 0 0 0 197
0 16801 0 15760 0 0 0 190
0 16678 0 16090 0 0 0 218
0 16757 0 16071 0 0 0 217
0 16814 0 15980 0 0 0 249
