# A B A' B' AB AA' BB' A'B'
0 16547 0 14567 0 0 0 349
0 15172 0 12983 0 0 0 286
0 14796 0 13317 0 0 0 291
0 15014 0 13143 0 0 0 294
0 14947 0 13408 0 0 0 324
0 15207 0 13132 0 0 0 317
0 14991 0 12968 0 0 0 352
0 15006 0 13062 0 0 0 320
0 15064 0 12993 0 0 0 319
0 15056 0 13064 0 0 0 308
0 14913 0 13102 0 0 0 334
0 15031 0 12963 0 0 0 324
0 14952 0 13254 0 0 0 341
0 15210 0 13101 0 0 0 358
0 14997 0 13056 0 0 0 358
0 15108 0 13040 0 0 0 324
0 14987 0 13196 0 0 0 342
0 14984 0 12954 0 0 0 307
0 14751 0 13016 0 0 0 325
0 15014 0 13094 0 0 0 313
0 14963 0 12957 0 0 0 320
0 16637 0 12949 0 0 0 317
0 16258 0 13024 0 0 0 319
0 16584 0 13049 0 0 0 320
0 16724 0 14327 0 0 0 329
0 16563 0 14088 0 0 0 300
0 16697 0 14359 0 0 0 353
0 16600 0 14376 0 0 0 342
0 16569 0 14359 0 0 0 322
0 16569 0 14622 0 0 0 360
0 16632 0 14367 0 0 0 385
0 16392 0 14481 0 0 0 337
0 16523 0 14430 0 0 0 359
0 14871 0 13064 0 0 0 321
0 14912 0 13183 0 0 0 357
0 14902 0 13058 0 0 0 308
0 14714 0 12989 0 0 0 329
0 14872 0 13156 0 0 0 317
0 15114 0 13237 0 0 0 306
0 14892 0 13059 0 0 0 321
0 14964 0 13250 0 0 0 310
0 14830 0 13044 0 0 0 301
0 14819 0 12826 0 0 0 306
0 14755 0 13118 0 0 0 331
0 14978 0 12997 0 0 0 334
0 15129 0 13029 0 0 0 333
0 14718 0 12951 0 0 0 296
0 14794 0 13126 0 0 0 327
0 14766 0 12923 0 0 0 317
0 14775 0 13224 0 0 0 333
0 14905 0 12938 0 0 0 332
0 14936 0 13070 0 0 0 337
0 14935 0 12878 0 0 0 337
0 15039 0 12849 0 0 0 319
0 14625 0 12904 0 0 0 290
0 15054 0 13093 0 0 0 322
0 15306 0 13199 0 0 0 345
0 14942 0 12916 0 0 0 351
0 14805 0 13144 0 0 0 326
0 14632 0 12978 0 0 0 279
