# A B A' B' AB AA' BB' A'B'
0 17940 0 16455 0 0 0 154
0 16239 0 14878 0 0 0 142
0 16012 0 14681 0 0 0 163
0 15397 0 14332 0 0 0 166
0 15959 0 14470 0 0 0 131
0 15662 0 14391 0 0 0 164
0 15764 0 14361 0 0 0 185
0 15904 0 14402 0 0 0 145
0 15660 0 14476 0 0 0 154
0 15656 0 14322 0 0 0 162
0 15427 0 14293 0 0 0 149
0 15649 0 14427 0 0 0 153
0 15899 0 14381 0 0 0 183
0 15377 0 14393 0 0 0 157
0 15954 0 14476 0 0 0 150
0 15413 0 14436 0 0 0 156
0 15664 0 14294 0 0 0 153
0 15877 0 14311 0 0 0 168
0 15495 0 14287 0 0 0 198
0 15696 0 14179 0 0 0 176
0 15546 0 14521 0 0 0 171
0 15618 0 14545 0 0 0 160
0 15599 0 14561 0 0 0 171
0 15748 0 14561 0 0 0 142
0 17437 0 14466 0 0 0 145
0 17445 0 14436 0 0 0 158
0 17122 0 14290 0 0 0 148
0 17575 0 15961 0 0 0 147
0 17396 0 15989 0 0 0 141
0 17341 0 16033 0 0 0 137
0 17310 0 16107 0 0 0 152
0 17256 0 15840 0 0 0 143
0 17327 0 16055 0 0 0 157
0 17390 0 16147 0 0 0 166
0 17403 0 16065 0 0 0 173
0 17610 0 15970 0 0 0 179
0 17468 0 15745 0 0 0 150
0 16018 0 14316 0 0 0 169
0 16070 0 14250 0 0 0 186
0 15628 0 14492 0 0 0 167
0 15700 0 14418 0 0 0 158
0 15591 0 14503 0 0 0 162
0 15602 0 14219 0 0 0 174
0 15622 0 14359 0 0 0 136
0 15616 0 14499 0 0 0 174
0 15748 0 14414 0 0 0 170
0 15712 0 14798 0 0 0 169
0 15713 0 14347 0 0 0 153
0 15656 0 14519 0 0 0 133
0 15622 0 14388 0 0 0 150
0 15554 0 14427 0 0 0 155
0 15800 0 14444 0 0 0 153
0 15686 0 14356 0 0 0 156
0 15717 0 14464 0 0 0 148
0 15701 0 14520 0 0 0 156
0 15689 0 14579 0 0 0 169
0 15706 0 14628 0 0 0 160
0 15707 0 14444 0 0 0 155
0 15621 0 14578 0 0 0 158
0 15902 0 14338 0 0 0 167
