# A B A' B' AB AA' BB' A'B'
0 17437 0 14830 0 0 0 320
0 15630 0 13223 0 0 0 247
0 15101 0 13151 0 0 0 303
0 15621 0 13184 0 0 0 267
0 15389 0 13134 0 0 0 285
0 15700 0 13131 0 0 0 300
0 15495 0 13010 0 0 0 262
0 15303 0 13198 0 0 0 295
0 15260 0 12979 0 0 0 292
0 15424 0 13071 0 0 0 267
0 15604 0 12825 0 0 0 263
0 15593 0 12898 0 0 0 267
0 15430 0 13335 0 0 0 292
0 15599 0 12979 0 0 0 281
0 15517 0 13195 0 0 0 307
0 15399 0 12913 0 0 0 287
0 15594 0 12895 0 0 0 272
0 15459 0 13007 0 0 0 275
0 15349 0 13025 0 0 0 279
0 15714 0 13127 0 0 0 289
0 15503 0 13000 0 0 0 276
0 15791 0 13148 0 0 0 294
0 15620 0 13131 0 0 0 276
0 15668 0 12993 0 0 0 276
0 15395 0 13103 0 0 0 272
0 15570 0 13108 0 0 0 253
0 15521 0 13250 0 0 0 252
0 15550 0 13144 0 0 0 268
0 15888 0 13223 0 0 0 292
0 15717 0 13150 0 0 0 296
0 15556 0 13225 0 0 0 299
0 15883 0 12967 0 0 0 308
0 15365 0 12943 0 0 0 294
0 15487 0 13044 0 0 0 282
0 15598 0 12942 0 0 0 307
0 15747 0 13260 0 0 0 279
0 15438 0 13028 0 0 0 285
0 15434 0 13252 0 0 0 289
0 15505 0 13031 0 0 0 291
0 15731 0 12898 0 0 0 284
0 15431 0 13178 0 0 0 278
0 17450 0 13220 0 0 0 286
0 17482 0 13163 0 0 0 290
0 17210 0 13234 0 0 0 302
0 16895 0 14555 0 0 0 288
0 17260 0 14796 0 0 0 320
0 17526 0 14720 0 0 0 301
0 17217 0 14620 0 0 0 315
0 17476 0 14546 0 0 0 311
0 17349 0 14384 0 0 0 252
0 17459 0 14524 0 0 0 329
0 17356 0 14446 0 0 0 307
0 17402 0 14466 0 0 0 319
0 17416 0 14445 0 0 0 312
0 15546 0 12968 0 0 0 283
0 15490 0 13071 0 0 0 288
0 15449 0 13251 0 0 0 276
0 15553 0 13118 0 0 0 307
0 15760 0 12858 0 0 0 276
0 15470 0 12733 0 0 0 241
