# A B A' B' AB AA' BB' A'B'
0 18475 0 16551 0 0 0 126
0 16423 0 14387 0 0 0 133
0 16312 0 14267 0 0 0 127
0 16247 0 14414 0 0 0 132
0 16332 0 14304 0 0 0 114
0 16261 0 14510 0 0 0 122
0 16368 0 14496 0 0 0 133
0 16476 0 14462 0 0 0 149
0 16441 0 14351 0 0 0 123
0 16374 0 14477 0 0 0 116
0 16281 0 14539 0 0 0 134
0 16642 0 14498 0 0 0 127
0 16429 0 14393 0 0 0 118
0 16038 0 14478 0 0 0 126
0 16003 0 14438 0 0 0 101
0 16197 0 14109 0 0 0 125
0 15961 0 14563 0 0 0 138
0 15882 0 14496 0 0 0 135
0 16151 0 14279 0 0 0 127
0 16018 0 14427 0 0 0 126
0 16014 0 14389 0 0 0 121
0 16388 0 14240 0 0 0 129
0 16231 0 14412 0 0 0 122
0 16172 0 14346 0 0 0 122
0 16259 0 14467 0 0 0 141
0 16357 0 14288 0 0 0 115
0 16108 0 14659 0 0 0 130
0 16190 0 14259 0 0 0 143
0 15937 0 14571 0 0 0 129
0 16277 0 14280 0 0 0 129
0 16204 0 14525 0 0 0 127
0 15952 0 14491 0 0 0 116
0 16339 0 14490 0 0 0 124
0 16096 0 14305 0 0 0 121
0 16030 0 14162 0 0 0 119
0 16341 0 14437 0 0 0 127
0 16109 0 14404 0 0 0 133
0 16371 0 14482 0 0 0 120
0 16161 0 14502 0 0 0 124
0 16238 0 14389 0 0 0 120
0 16077 0 14376 0 0 0 127
0 16228 0 14414 0 0 0 124
0 16388 0 14610 0 0 0 137
0 15805 0 14451 0 0 0 124
0 16215 0 14633 0 0 0 128
0 16060 0 14415 0 0 0 132
0 15918 0 14360 0 0 0 128
0 16215 0 14512 0 0 0 127
0 16116 0 14457 0 0 0 129
0 15911 0 14542 0 0 0 128
0 15982 0 14440 0 0 0 116
0 16252 0 14553 0 0 0 125
0 17761 0 14655 0 0 0 129
0 17663 0 14344 0 0 0 106
0 18039 0 14356 0 0 0 129
0 18064 0 14483 0 0 0 117
0 17621 0 16013 0 0 0 125
0 17834 0 16141 0 0 0 127
0 17955 0 15856 0 0 0 123
0 18287 0 16095 0 0 0 120
