# A B A' B' AB AA' BB' A'B'
0 18335 0 14773 0 0 0 235
0 16302 0 13193 0 0 0 212
0 16219 0 13137 0 0 0 215
0 16827 0 13092 0 0 0 242
0 16079 0 13095 0 0 0 203
0 16163 0 13068 0 0 0 235
0 16291 0 13378 0 0 0 229
0 16123 0 13056 0 0 0 232
0 16292 0 13281 0 0 0 221
0 16310 0 13198 0 0 0 246
0 16357 0 13116 0 0 0 223
0 16445 0 13252 0 0 0 224
0 15994 0 13115 0 0 0 215
0 16284 0 13135 0 0 0 208
0 16560 0 12944 0 0 0 222
0 16231 0 13172 0 0 0 230
0 16593 0 13157 0 0 0 261
0 16396 0 13155 0 0 0 235
0 16392 0 13191 0 0 0 230
0 18032 0 13200 0 0 0 220
0 18270 0 13099 0 0 0 218
0 18180 0 12971 0 0 0 228
0 18042 0 14475 0 0 0 206
0 18054 0 14492 0 0 0 210
0 17981 0 14725 0 0 0 238
0 17994 0 14565 0 0 0 233
0 18096 0 14696 0 0 0 217
0 18190 0 14503 0 0 0 217
0 18102 0 14656 0 0 0 259
0 18316 0 14944 0 0 0 223
0 18136 0 14864 0 0 0 251
0 18093 0 14370 0 0 0 247
0 16305 0 12942 0 0 0 218
0 16447 0 13194 0 0 0 207
0 16169 0 13235 0 0 0 223
0 16264 0 13138 0 0 0 237
0 16576 0 13281 0 0 0 224
0 16336 0 13178 0 0 0 219
0 16278 0 13085 0 0 0 202
0 16149 0 13087 0 0 0 244
0 16479 0 13096 0 0 0 203
0 16322 0 13152 0 0 0 215
0 16332 0 13261 0 0 0 194
0 16124 0 13118 0 0 0 217
0 16221 0 13216 0 0 0 218
0 16328 0 13104 0 0 0 203
0 16334 0 13150 0 0 0 217
0 16250 0 13202 0 0 0 230
0 16307 0 13194 0 0 0 230
0 16518 0 13209 0 0 0 236
0 16379 0 13131 0 0 0 247
0 16155 0 13164 0 0 0 216
0 16167 0 13248 0 0 0 223
0 16408 0 13276 0 0 0 215
0 16109 0 13050 0 0 0 202
0 16226 0 13248 0 0 0 210
0 16264 0 13252 0 0 0 213
0 16303 0 13111 0 0 0 258
0 16263 0 13133 0 0 0 233
0 15860 0 13122 0 0 0 242
