# A B A' B' AB AA' BB' A'B'
0 19055 0 14746 0 0 0 98
0 19160 0 16232 0 0 0 93
0 18852 0 16140 0 0 0 87
0 19220 0 16470 0 0 0 108
0 19052 0 16502 0 0 0 117
0 18810 0 16262 0 0 0 98
0 18475 0 16097 0 0 0 99
0 18585 0 15741 0 0 0 99
0 18813 0 16002 0 0 0 142
0 19031 0 16103 0 0 0 107
0 18977 0 16070 0 0 0 114
0 17018 0 14376 0 0 0 91
0 17295 0 14639 0 0 0 107
0 17191 0 14471 0 0 0 116
0 17005 0 14438 0 0 0 92
0 17206 0 14490 0 0 0 96
0 16902 0 14345 0 0 0 107
0 17081 0 14490 0 0 0 106
0 17142 0 14261 0 0 0 99
0 17090 0 14457 0 0 0 108
0 17186 0 14453 0 0 0 95
0 17057 0 14466 0 0 0 111
0 17088 0 14367 0 0 0 114
0 17280 0 14390 0 0 0 84
0 17073 0 14577 0 0 0 115
0 17113 0 14373 0 0 0 108
0 16961 0 14395 0 0 0 99
0 17118 0 14263 0 0 0 95
0 17211 0 14683 0 0 0 112
0 17276 0 14386 0 0 0 112
0 17110 0 14556 0 0 0 99
0 17146 0 14618 0 0 0 95
0 17117 0 14293 0 0 0 80
0 17408 0 14517 0 0 0 108
0 17070 0 14460 0 0 0 119
0 17244 0 14341 0 0 0 95
0 17066 0 14536 0 0 0 98
0 17357 0 14400 0 0 0 100
0 17012 0 14216 0 0 0 86
0 17191 0 14275 0 0 0 115
0 17036 0 14499 0 0 0 100
0 17065 0 14439 0 0 0 115
0 17194 0 14226 0 0 0 80
0 16850 0 14539 0 0 0 82
0 17026 0 14582 0 0 0 105
0 17243 0 14332 0 0 0 99
0 17142 0 14596 0 0 0 112
0 16944 0 14473 0 0 0 89
0 17292 0 14552 0 0 0 85
0 17026 0 14337 0 0 0 98
0 17270 0 14585 0 0 0 99
0 17176 0 14249 0 0 0 95
0 19171 0 14443 0 0 0 97
0 19007 0 14448 0 0 0 112
0 19003 0 14462 0 0 0 103
0 19055 0 14721 0 0 0 100
0 19020 0 15956 0 0 0 98
0 18533 0 16209 0 0 0 80
0 19460 0 15866 0 0 0 91
0 19316 0 16143 0 0 0 87
