# A B A' B' AB AA' BB' A'B'
0 19149 0 14763 0 0 0 202
0 16943 0 13223 0 0 0 165
0 17145 0 12959 0 0 0 173
0 16970 0 13095 0 0 0 159
0 16949 0 13056 0 0 0 175
0 16662 0 13112 0 0 0 179
0 17086 0 13001 0 0 0 185
0 16714 0 13157 0 0 0 176
0 17172 0 13041 0 0 0 184
0 16864 0 13083 0 0 0 153
0 16831 0 13165 0 0 0 173
0 16931 0 13151 0 0 0 164
0 16994 0 13292 0 0 0 174
0 17085 0 13100 0 0 0 170
0 17098 0 13098 0 0 0 170
0 16778 0 13010 0 0 0 167
0 16843 0 12922 0 0 0 168
0 16703 0 12902 0 0 0 154
0 16970 0 13110 0 0 0 177
0 16785 0 13010 0 0 0 146
0 17048 0 12948 0 0 0 160
0 16651 0 12967 0 0 0 181
0 16866 0 13125 0 0 0 172
0 18740 0 13074 0 0 0 151
0 18550 0 12971 0 0 0 167
0 19002 0 12962 0 0 0 167
0 18992 0 14775 0 0 0 174
0 18968 0 14477 0 0 0 151
0 18778 0 14533 0 0 0 192
0 18800 0 14449 0 0 0 173
0 18671 0 14445 0 0 0 160
0 18945 0 14540 0 0 0 170
0 19043 0 14460 0 0 0 170
0 18824 0 14424 0 0 0 165
0 18775 0 14477 0 0 0 177
0 18657 0 14438 0 0 0 191
0 18755 0 14525 0 0 0 223
0 16902 0 13169 0 0 0 165
0 17031 0 12982 0 0 0 145
0 17277 0 12890 0 0 0 178
0 16965 0 13102 0 0 0 224
0 17068 0 13105 0 0 0 170
0 16854 0 13219 0 0 0 168
0 16979 0 13006 0 0 0 182
0 17155 0 12936 0 0 0 170
0 16931 0 13269 0 0 0 178
0 17173 0 12915 0 0 0 174
0 17180 0 13030 0 0 0 175
0 17198 0 13002 0 0 0 183
0 17118 0 13052 0 0 0 194
0 16934 0 13247 0 0 0 203
0 16960 0 13207 0 0 0 201
0 17016 0 13089 0 0 0 172
0 17173 0 13240 0 0 0 203
0 16834 0 13114 0 0 0 187
0 16930 0 13095 0 0 0 168
0 17087 0 13303 0 0 0 189
0 16911 0 13155 0 0 0 186
0 16956 0 13116 0 0 0 145
0 17021 0 13317 0 0 0 171
