# A B A' B' AB AA' BB' A'B'
0 21545 0 16921 0 0 0 105
0 19091 0 15130 0 0 0 112
0 19568 0 15228 0 0 0 93
0 19587 0 15248 0 0 0 89
0 19639 0 15328 0 0 0 92
0 19146 0 15249 0 0 0 88
0 18173 0 14469 0 0 0 84
0 18196 0 14098 0 0 0 85
0 18040 0 14608 0 0 0 88
0 17968 0 14492 0 0 0 87
0 17777 0 14263 0 0 0 110
0 17931 0 14439 0 0 0 80
0 17938 0 14517 0 0 0 104
0 17911 0 14537 0 0 0 93
0 17615 0 14366 0 0 0 84
0 17753 0 14365 0 0 0 81
0 17953 0 14589 0 0 0 89
0 18221 0 14339 0 0 0 99
0 17766 0 14370 0 0 0 97
0 18086 0 14374 0 0 0 90
0 17879 0 14381 0 0 0 91
0 17873 0 14417 0 0 0 80
0 17882 0 14695 0 0 0 101
0 17890 0 14527 0 0 0 104
0 17866 0 14469 0 0 0 91
0 19478 0 14167 0 0 0 106
0 19771 0 14427 0 0 0 109
0 19804 0 14131 0 0 0 101
0 19713 0 14328 0 0 0 96
0 20002 0 16051 0 0 0 89
0 19999 0 16005 0 0 0 89
0 19606 0 15993 0 0 0 107
0 19813 0 16035 0 0 0 104
0 19920 0 15917 0 0 0 102
0 19687 0 15939 0 0 0 78
0 19916 0 15830 0 0 0 95
0 19891 0 16070 0 0 0 96
0 19866 0 15944 0 0 0 126
0 17782 0 14529 0 0 0 99
0 17944 0 14471 0 0 0 101
0 17845 0 14142 0 0 0 106
0 17901 0 14208 0 0 0 87
0 17923 0 14327 0 0 0 87
0 17819 0 14567 0 0 0 89
0 17961 0 14481 0 0 0 104
0 17954 0 14461 0 0 0 99
0 17603 0 14403 0 0 0 89
0 17849 0 14487 0 0 0 90
0 17708 0 14396 0 0 0 95
0 17799 0 14195 0 0 0 95
0 18085 0 14399 0 0 0 102
0 17769 0 14247 0 0 0 85
0 17841 0 14377 0 0 0 98
0 17693 0 14497 0 0 0 91
0 17468 0 14614 0 0 0 84
0 17598 0 14284 0 0 0 95
0 18042 0 14302 0 0 0 92
0 17695 0 14476 0 0 0 95
0 17833 0 14242 0 0 0 106
0 17670 0 14195 0 0 0 87
