# A B A' B' AB AA' BB' A'B'
0 19769 0 14636 0 0 0 125
0 17877 0 13272 0 0 0 112
0 17560 0 13139 0 0 0 127
0 18056 0 13143 0 0 0 124
0 17959 0 13198 0 0 0 113
0 18130 0 13083 0 0 0 116
0 17842 0 12932 0 0 0 119
0 17853 0 13097 0 0 0 129
0 17994 0 13051 0 0 0 115
0 17843 0 13165 0 0 0 111
0 17661 0 13186 0 0 0 141
0 17988 0 13141 0 0 0 131
0 17942 0 13226 0 0 0 125
0 17938 0 13062 0 0 0 119
0 17969 0 13234 0 0 0 125
0 17824 0 13333 0 0 0 125
0 17721 0 13139 0 0 0 125
0 17881 0 13365 0 0 0 116
0 18003 0 13093 0 0 0 120
0 17884 0 13165 0 0 0 137
0 17802 0 13161 0 0 0 125
0 17618 0 13155 0 0 0 114
0 17873 0 13066 0 0 0 117
0 17852 0 12927 0 0 0 121
0 17844 0 13104 0 0 0 111
0 17965 0 13174 0 0 0 115
0 17684 0 13016 0 0 0 136
0 20023 0 13063 0 0 0 109
0 19653 0 13281 0 0 0 129
0 19880 0 13212 0 0 0 130
0 19838 0 14762 0 0 0 113
0 19915 0 14813 0 0 0 122
0 19819 0 14628 0 0 0 115
0 19840 0 14633 0 0 0 136
0 19664 0 14679 0 0 0 137
0 19682 0 14724 0 0 0 118
0 20022 0 14860 0 0 0 119
0 19809 0 14673 0 0 0 136
0 19583 0 14721 0 0 0 143
0 19992 0 14745 0 0 0 124
0 18018 0 13123 0 0 0 103
0 17949 0 13070 0 0 0 115
0 17716 0 13031 0 0 0 114
0 17835 0 12968 0 0 0 122
0 17737 0 12975 0 0 0 108
0 17790 0 13286 0 0 0 113
0 18034 0 13239 0 0 0 161
0 17997 0 13093 0 0 0 126
0 17712 0 12974 0 0 0 116
0 17900 0 13264 0 0 0 125
0 17826 0 13041 0 0 0 120
0 17896 0 13175 0 0 0 139
0 17752 0 13023 0 0 0 114
0 17624 0 13212 0 0 0 124
0 17838 0 13236 0 0 0 117
0 17737 0 13238 0 0 0 148
0 17992 0 13175 0 0 0 122
0 17744 0 13036 0 0 0 131
0 17848 0 13166 0 0 0 125
0 17871 0 13233 0 0 0 151
